North: 30.16866961872009
South: 29.877483958638045
West: -98.71520150344118
East: -97.86412201274524
Resolution: 100 m